%YAML:1.0
---
camera_matrix: !!opencv-matrix
   rows: 3
   cols: 3
   dt: d
   data: [ 2.8565830492313785e+03, 0., 1.4868424160401935e+03, 0.,
       2.8559075838281428e+03, 2.0094365668874730e+03, 0., 0., 1. ]
distortion_coefficients: !!opencv-matrix
   rows: 1
   cols: 5
   dt: d
   data: [ 2.6228219034991052e-01, -1.0449294154613786e+00,
       -3.7276707062339088e-03, 1.4916871537274787e-03,
       1.3202722281353145e+00 ]
