%YAML:1.0
---
camera_matrix: !!opencv-matrix
   rows: 3
   cols: 3
   dt: d
   data: [ 1.3146763514432344e+03, 0., 9.5685143556812943e+02, 0.,
       1.3173530828963840e+03, 5.2593158727502214e+02, 0., 0., 1. ]
distortion_coefficients: !!opencv-matrix
   rows: 1
   cols: 5
   dt: d
   data: [ 2.4373242882965748e-01, -6.1997457381556464e-01,
       -5.5830075247766588e-03, 3.8805152920951160e-04,
       2.7064701866580818e-02 ]
